BOUNDARIES
10
BOUNDARY 1
76
 6451163.69   1873365.66
 6451180.19   1873347.64
 6451200.21   1873325.79
 6451223.67   1873300.37
 6451251.84   1873269.92
 6451255.12   1873266.37
 6451285.42   1873237.98
 6451310.01   1873214.95
 6451349.72   1873179.31
 6451383.45   1873149.04
 6451406.30   1873128.87
 6451438.92   1873100.60
 6451472.20   1873071.76
 6451501.94   1873045.99
 6451536.10   1873015.39
 6451561.49   1872995.24
 6451604.80   1872956.22
 6451650.21   1872915.92
 6451656.74   1872910.12
 6451656.74   1872910.12
 6451707.99   1872866.15
 6451757.59   1872821.00
 6451812.03   1872771.45
 6451812.03   1872771.45
 6451812.03   1872771.45
 6451812.03   1872771.45
 6451954.59   1872648.57
 6452010.32   1872601.19
 6452047.64   1872566.81
 6452080.70   1872537.50
 6452115.64   1872506.95
 6452141.18   1872485.09
 6452180.98   1872454.93
 6452180.98   1872454.93
 6452270.70   1872374.51
 6452270.70   1872374.51
 6452357.35   1872298.37
 6452410.83   1872252.42
 6452487.43   1872185.77
 6452582.15   1872102.61
 6452662.07   1872033.94
 6452706.81   1871996.47
 6452765.54   1871948.77
 6452839.84   1871893.85
 6452863.44   1871876.41
 6452919.34   1871841.03
 6452972.72   1871807.24
 6453013.00   1871784.83
 6453062.25   1871758.60
 6453091.63   1871742.96
 6453159.75   1871712.14
 6453262.50   1871668.32
 6453303.84   1871651.62
 6453401.57   1871612.56
 6453526.87   1871562.98
 6453567.72   1871547.45
 6453584.00   1871540.51
 6453655.26   1871512.72
 6453727.83   1871484.42
 6453832.59   1871443.60
 6453872.43   1871428.13
 6453965.90   1871392.83
 6454055.61   1871361.52
 6454136.28   1871335.06
 6454191.92   1871316.53
 6454297.92   1871283.72
 6454343.44   1871270.94
 6454445.68   1871243.14
 6454598.01   1871202.57
 6454690.31   1871178.49
 6454729.73   1871167.71
 6454766.79   1871156.69
 6454811.07   1871142.62
 6454847.05   1871130.90
 6454909.71   1871108.96
 6454959.69   1871088.53
BOUNDARY 2
15
 6454983.87   1871140.26
 6454978.66   1871142.06
 6454958.59   1871150.19
 6454927.85   1871162.37
 6454912.11   1871168.21
 6454884.77   1871178.34
 6454858.76   1871187.50
 6454836.67   1871195.11
 6454796.34   1871207.68
 6454751.64   1871220.62
 6454717.60   1871230.01
 6454684.32   1871238.90
 6454648.00   1871248.04
 6454616.76   1871256.16
 6454562.95   1871270.27
BOUNDARY 3
8
 6454564.47   1871271.79
 6454608.75   1871262.22
 6454665.11   1871250.75
 6454766.28   1871229.53
 6454812.84   1871218.38
 6454883.17   1871198.41
 6454937.45   1871180.76
 6454993.71   1871160.36
BOUNDARY 4
30
 6455003.13   1871178.58
 6454971.92   1871189.74
 6454940.10   1871200.15
 6454940.97   1871200.15
 6454913.30   1871208.24
 6454894.74   1871213.67
 6454864.13   1871221.92
 6454846.47   1871226.15
 6454817.85   1871232.72
 6454791.85   1871238.78
 6454763.31   1871244.95
 6454725.71   1871252.65
 6454685.21   1871261.33
 6454640.06   1871269.73
 6454596.53   1871278.56
 6454542.06   1871290.11
 6454460.05   1871310.71
 6454419.94   1871321.25
 6454370.61   1871335.05
 6454311.53   1871351.74
 6454257.85   1871366.79
 6454229.43   1871374.42
 6454205.00   1871380.79
 6454176.46   1871388.28
 6454156.21   1871393.75
 6454134.03   1871399.73
 6454113.14   1871405.82
 6454079.51   1871415.63
 6454050.96   1871424.38
 6454007.47   1871439.01
BOUNDARY 5
26
 6455039.34   1871246.54
 6455031.47   1871243.88
 6455017.39   1871240.88
 6454998.91   1871238.57
 6454979.75   1871238.57
 6454960.58   1871239.50
 6454931.54   1871241.92
 6454894.43   1871246.52
 6454872.16   1871249.84
 6454835.82   1871254.96
 6454805.65   1871260.51
 6454708.75   1871278.62
 6454635.53   1871292.22
 6454553.83   1871307.04
 6454512.28   1871315.18
 6454397.55   1871339.62
 6454359.09   1871349.03
 6454346.42   1871352.13
 6454314.81   1871359.55
 6454289.38   1871365.98
 6454246.10   1871375.94
 6454220.43   1871381.88
 6454177.79   1871392.27
 6454112.87   1871408.38
 6454057.53   1871423.53
 6454007.47   1871439.01
BOUNDARY 6
55
 6455049.84   1871270.60
 6455031.24   1871266.18
 6455018.90   1871263.97
 6455003.80   1871262.68
 6454978.38   1871261.03
 6454914.10   1871260.48
 6454876.52   1871262.92
 6454839.06   1871267.77
 6454763.94   1871280.93
 6454699.75   1871292.26
 6454622.81   1871306.50
 6454561.05   1871317.83
 6454472.24   1871335.70
 6454378.69   1871356.74
 6454337.18   1871367.06
 6454284.54   1871379.27
 6454211.44   1871396.47
 6454112.63   1871420.95
 6454037.52   1871442.89
 6454002.49   1871453.61
 6453952.88   1871470.61
 6453908.34   1871487.40
 6453842.75   1871512.39
 6453749.60   1871548.81
 6453697.77   1871569.45
 6453645.13   1871589.41
 6453582.36   1871614.30
 6453501.36   1871646.27
 6453438.02   1871671.29
 6453334.75   1871712.37
 6453293.45   1871729.16
 6453244.05   1871749.34
 6453208.00   1871764.92
 6453165.28   1871784.54
 6453124.78   1871804.37
 6453075.37   1871830.27
 6453026.99   1871856.74
 6452992.97   1871876.77
 6452945.59   1871905.71
 6452892.33   1871940.51
 6452862.62   1871962.75
 6452807.75   1872003.01
 6452734.04   1872061.69
 6452692.18   1872097.08
 6452627.99   1872154.35
 6452560.87   1872220.90
 6452518.35   1872264.00
 6452459.96   1872322.22
 6452431.21   1872354.39
 6452388.82   1872411.81
 6452378.09   1872425.37
 6452347.51   1872456.33
 6452249.12   1872556.18
 6452129.53   1872678.95
 6452062.10   1872743.65
BOUNDARY 7
10
 6452036.32   1872719.62
 6452041.56   1872713.40
 6452099.98   1872655.47
 6452172.68   1872582.36
 6452239.17   1872515.82
 6452313.45   1872440.91
 6452348.38   1872405.71
 6452386.43   1872365.42
 6452445.42   1872302.98
 6452489.14   1872258.62
BOUNDARY 8
29
 6452478.81   1872264.77
 6452407.74   1872327.00
 6452341.83   1872385.17
 6452293.48   1872427.00
 6452262.45   1872454.84
 6452236.17   1872477.54
 6452191.64   1872515.69
 6452135.51   1872565.85
 6452056.90   1872635.94
 6452019.66   1872668.56
 6451978.17   1872703.13
 6451944.85   1872734.35
 6451900.08   1872770.48
 6451863.39   1872803.13
 6451863.39   1872803.13
 6451768.64   1872888.74
 6451704.47   1872950.70
 6451659.38   1872997.10
 6451601.45   1873057.18
 6451519.28   1873142.44
 6451443.77   1873220.07
 6451391.91   1873273.96
 6451351.34   1873315.58
 6451306.32   1873356.73
 6451275.15   1873382.06
 6451264.33   1873390.68
 6451244.17   1873406.19
 6451216.27   1873427.66
 6451197.85   1873441.58
BOUNDARY 9
19
 6451157.30   1873441.59
 6451218.01   1873395.80
 6451274.72   1873351.78
 6451322.91   1873309.86
 6451359.43   1873272.40
 6451404.53   1873227.60
 6451416.38   1873217.52
 6451436.73   1873203.91
 6451455.79   1873188.54
 6451472.77   1873173.02
 6451515.96   1873128.36
 6451550.72   1873092.82
 6451565.14   1873077.29
 6451588.77   1873052.73
 6451611.02   1873029.61
 6451632.03   1873007.77
 6451647.07   1872992.16
 6451677.54   1872961.01
 6451726.61   1872910.85
BOUNDARY 10
16
 6451722.05   1872913.47
 6451693.56   1872938.56
 6451675.31   1872954.85
 6451650.38   1872977.11
 6451626.41   1872997.71
 6451616.91   1873005.87
 6451567.30   1873049.84
 6451545.07   1873069.25
 6451509.59   1873097.99
 6451464.42   1873137.04
 6451409.89   1873184.52
 6451379.47   1873211.41
 6451343.75   1873243.89
 6451297.65   1873287.86
 6451252.48   1873333.69
 6451197.83   1873391.66
