CENTERLINES
10
CENTERLINE
centerline4
81
 6451166.99    1873369.41
 6451210.24    1873322.82
 6451249.38    1873281.34
 6451260.74    1873269.20
 6451314.84    1873218.31
 6451335.42    1873200.19
 6451374.77    1873164.85
 6451413.99    1873131.57
 6451456.14    1873093.84
 6451492.02    1873063.33
 6451529.46    1873030.34
 6451572.43    1872993.50
 6451588.08    1872979.32
 6451597.95    1872970.64
 6451660.00    1872915.92
 6451708.71    1872873.60
 6451748.80    1872837.87
 6451789.33    1872801.76
 6451844.87    1872752.21
 6451893.18    1872709.11
 6451926.82    1872680.76
 6451962.60    1872650.36
 6452008.76    1872610.39
 6452048.73    1872574.01
 6452096.90    1872532.37
 6452135.72    1872498.50
 6452182.44    1872460.55
 6452221.82    1872425.43
 6452273.69    1872379.18
 6452313.26    1872344.95
 6452348.29    1872313.32
 6452380.02    1872286.03
 6452419.67    1872252.22
 6452456.67    1872219.77
 6452492.66    1872188.04
 6452547.20    1872141.25
 6452567.13    1872122.58
 6452608.83    1872088.11
 6452658.95    1872045.41
 6452672.54    1872032.14
 6452740.08    1871976.59
 6452769.02    1871952.49
 6452837.24    1871902.34
 6452865.87    1871881.59
 6452923.30    1871845.45
 6452981.37    1871808.89
 6453019.89    1871787.45
 6453050.35    1871771.37
 6453095.41    1871748.31
 6453176.78    1871710.77
 6453237.41    1871685.04
 6453298.16    1871660.28
 6453344.19    1871641.55
 6453387.21    1871623.50
 6453434.30    1871605.67
 6453486.38    1871584.71
 6453540.11    1871563.92
 6453597.37    1871541.54
 6453660.35    1871515.96
 6453718.51    1871493.84
 6453767.75    1871475.01
 6453813.91    1871456.39
 6453865.48    1871436.34
 6453916.63    1871417.08
 6453975.11    1871395.67
 6454039.16    1871373.19
 6454087.89    1871356.40
 6454146.71    1871337.07
 6454199.38    1871320.35
 6454270.38    1871298.13
 6454324.27    1871282.16
 6454360.06    1871271.67
 6454410.02    1871258.01
 6454500.53    1871232.97
 6454595.75    1871208.18
 6454662.40    1871191.34
 6454716.00    1871177.37
 6454781.09    1871157.74
 6454867.17    1871129.61
 6454917.07    1871112.18
 6454961.26    1871095.75
CENTERLINE
centerline3
82
 6451174.86    1873376.70
 6451184.62    1873365.78
 6451208.18    1873340.42
 6451240.55    1873305.93
 6451271.34    1873273.15
 6451309.52    1873238.02
 6451347.34    1873203.61
 6451385.24    1873169.85
 6451422.27    1873137.66
 6451458.45    1873106.79
 6451494.78    1873075.46
 6451530.55    1873044.09
 6451566.34    1873013.94
 6451601.99    1872982.46
 6451674.18    1872919.64
 6451746.84    1872855.50
 6451795.55    1872812.50
 6451850.54    1872762.54
 6451900.92    1872719.14
 6451933.77    1872690.87
 6451974.50    1872655.12
 6452031.89    1872604.57
 6452066.95    1872573.69
 6452103.29    1872542.24
 6452149.56    1872502.65
 6452189.62    1872468.23
 6452218.47    1872441.63
 6452282.74    1872385.84
 6452318.85    1872354.29
 6452356.53    1872320.80
 6452436.82    1872251.26
 6452477.13    1872214.76
 6452515.16    1872180.33
 6452540.17    1872161.00
 6452591.28    1872116.19
 6452613.68    1872097.57
 6452665.84    1872053.21
 6452680.73    1872039.10
 6452728.57    1871998.59
 6452778.20    1871958.87
 6452817.86    1871929.98
 6452856.43    1871902.69
 6452902.36    1871872.60
 6452950.89    1871840.81
 6452983.34    1871819.55
 6453018.84    1871801.13
 6453062.63    1871778.42
 6453108.55    1871754.47
 6453196.20    1871713.35
 6453256.19    1871688.29
 6453303.29    1871669.10
 6453348.46    1871651.04
 6453393.54    1871633.08
 6453444.79    1871612.67
 6453487.32    1871595.73
 6453525.77    1871580.41
 6453568.86    1871563.25
 6453611.86    1871546.12
 6453651.14    1871530.47
 6453694.02    1871513.39
 6453747.61    1871494.35
 6453795.79    1871473.82
 6453837.05    1871459.33
 6453879.72    1871443.10
 6453913.98    1871430.07
 6453981.54    1871404.37
 6454046.27    1871382.00
 6454096.85    1871364.81
 6454151.81    1871346.49
 6454199.89    1871331.37
 6454247.24    1871316.68
 6454294.96    1871302.51
 6454337.30    1871289.46
 6454383.22    1871276.27
 6454464.94    1871253.80
 6454522.11    1871239.30
 6454608.14    1871216.34
 6454663.26    1871202.84
 6454722.01    1871187.39
 6454780.13    1871170.20
 6454843.46    1871150.10
 6454963.56    1871105.64
CENTERLINE
centerline2
105
 6451183.47    1873382.72
 6451197.03    1873367.43
 6451215.73    1873347.74
 6451232.43    1873329.56
 6451249.36    1873312.57
 6451259.19    1873302.13
 6451283.52    1873278.45
 6451292.86    1873269.36
 6451318.17    1873245.46
 6451348.36    1873216.50
 6451357.26    1873208.71
 6451389.19    1873180.74
 6451401.66    1873168.34
 6451423.92    1873149.93
 6451446.00    1873130.51
 6451460.72    1873118.47
 6451471.95    1873109.28
 6451498.27    1873087.76
 6451518.24    1873069.30
 6451533.48    1873056.83
 6451551.64    1873040.79
 6451569.38    1873025.50
 6451592.95    1873005.18
 6451596.33    1873002.78
 6451622.32    1872980.00
 6451678.03    1872931.18
 6451700.99    1872908.81
 6451735.90    1872878.46
 6451748.76    1872867.48
 6451760.90    1872857.40
 6451784.43    1872836.18
 6451800.78    1872821.89
 6451818.60    1872805.27
 6451854.73    1872774.14
 6451900.83    1872733.15
 6451936.81    1872701.15
 6451965.83    1872676.90
 6451998.88    1872647.86
 6452039.52    1872612.15
 6452079.66    1872576.87
 6452115.79    1872546.16
 6452149.26    1872516.84
 6452178.75    1872491.46
 6452209.56    1872464.94
 6452240.62    1872437.12
 6452294.11    1872390.93
 6452327.78    1872360.39
 6452376.32    1872318.34
 6452399.76    1872299.21
 6452439.77    1872263.28
 6452475.58    1872231.06
 6452514.30    1872196.24
 6452544.75    1872170.65
 6452579.81    1872139.87
 6452620.02    1872104.68
 6452670.00    1872061.60
 6452713.72    1872025.03
 6452742.96    1872001.44
 6452791.64    1871963.91
 6452826.33    1871937.77
 6452865.82    1871910.13
 6452907.90    1871880.66
 6452980.13    1871837.01
 6453022.05    1871811.54
 6453066.82    1871787.97
 6453111.11    1871766.22
 6453122.72    1871760.24
 6453196.97    1871725.32
 6453248.41    1871703.35
 6453293.00    1871685.41
 6453338.48    1871667.61
 6453382.51    1871649.63
 6453426.78    1871631.83
 6453472.84    1871614.29
 6453518.01    1871596.62
 6453568.07    1871576.35
 6453611.56    1871559.52
 6453659.74    1871539.12
 6453706.51    1871521.93
 6453744.29    1871507.25
 6453785.98    1871490.94
 6453833.91    1871472.55
 6453880.51    1871453.86
 6453946.30    1871429.41
 6454017.01    1871403.54
 6454078.53    1871382.14
 6454118.98    1871368.60
 6454171.12    1871351.42
 6454223.24    1871336.98
 6454273.64    1871319.74
 6454313.17    1871308.07
 6454352.00    1871297.02
 6454410.31    1871279.85
 6454489.13    1871258.74
 6454535.47    1871246.77
 6454596.81    1871231.27
 6454646.64    1871217.95
 6454669.55    1871212.54
 6454728.32    1871196.76
 6454774.21    1871183.63
 6454823.88    1871168.03
 6454846.11    1871160.27
 6454866.27    1871153.92
 6454923.60    1871132.18
 6454967.05    1871114.70
CENTERLINE
centerline1
137
 6451191.98    1873389.69
 6451198.08    1873382.97
 6451201.62    1873379.07
 6451209.29    1873370.34
 6451214.72    1873364.30
 6451220.83    1873357.70
 6451224.38    1873353.86
 6451232.83    1873345.17
 6451247.06    1873330.16
 6451258.19    1873319.66
 6451267.05    1873309.79
 6451282.15    1873294.38
 6451291.55    1873285.61
 6451307.58    1873270.28
 6451326.90    1873251.80
 6451348.11    1873231.51
 6451368.23    1873214.34
 6451394.71    1873190.56
 6451407.37    1873178.31
 6451425.73    1873163.23
 6451440.79    1873150.33
 6451458.88    1873134.82
 6451473.12    1873122.62
 6451482.68    1873114.43
 6451506.72    1873093.30
 6451516.47    1873085.19
 6451531.51    1873072.72
 6451542.43    1873063.66
 6451545.02    1873061.51
 6451560.00    1873047.82
 6451577.51    1873032.70
 6451584.36    1873027.09
 6451604.15    1873010.88
 6451623.69    1872993.02
 6451636.47    1872981.33
 6451656.35    1872963.15
 6451673.89    1872947.93
 6451686.63    1872937.63
 6451703.84    1872922.06
 6451716.35    1872911.36
 6451724.17    1872904.67
 6451736.98    1872893.60
 6451756.99    1872875.13
 6451780.54    1872853.37
 6451793.73    1872842.22
 6451805.86    1872831.98
 6451822.48    1872816.60
 6451838.01    1872802.57
 6451864.58    1872779.50
 6451881.75    1872764.66
 6451901.83    1872747.49
 6451910.10    1872740.41
 6451926.40    1872725.65
 6451937.66    1872716.35
 6451950.28    1872705.18
 6451954.87    1872701.10
 6451977.69    1872680.89
 6451993.98    1872666.56
 6452009.13    1872653.23
 6452034.18    1872630.93
 6452046.13    1872621.07
 6452070.22    1872600.44
 6452079.72    1872591.82
 6452100.12    1872573.31
 6452118.31    1872558.17
 6452141.22    1872538.57
 6452153.78    1872526.83
 6452168.49    1872514.68
 6452181.89    1872503.69
 6452193.22    1872493.48
 6452208.69    1872480.37
 6452220.98    1872469.88
 6452227.43    1872463.91
 6452238.13    1872454.70
 6452258.81    1872435.72
 6452282.36    1872414.49
 6452298.58    1872400.54
 6452334.21    1872369.90
 6452369.27    1872337.89
 6452405.83    1872307.03
 6452441.97    1872275.62
 6452457.73    1872261.89
 6452474.70    1872246.64
 6452489.39    1872233.44
 6452507.14    1872218.01
 6452519.94    1872207.20
 6452546.90    1872184.27
 6452565.68    1872167.01
 6452597.08    1872138.15
 6452645.55    1872096.82
 6452683.41    1872064.54
 6452727.68    1872029.33
 6452784.12    1871984.44
 6452824.81    1871953.55
 6452865.85    1871924.05
 6452902.99    1871897.36
 6452984.86    1871847.29
 6453025.21    1871822.62
 6453070.76    1871799.41
 6453089.20    1871789.01
 6453111.82    1871778.19
 6453130.40    1871768.33
 6453158.02    1871754.73
 6453192.91    1871740.37
 6453288.82    1871699.13
 6453335.23    1871680.28
 6453378.49    1871662.68
 6453420.73    1871645.49
 6453475.14    1871624.69
 6453517.69    1871607.98
 6453598.70    1871576.15
 6453686.26    1871541.76
 6453730.57    1871524.24
 6453775.78    1871506.37
 6453816.71    1871490.98
 6453862.62    1871472.70
 6453949.50    1871439.73
 6453995.08    1871423.85
 6454038.30    1871408.32
 6454093.31    1871389.04
 6454179.33    1871361.10
 6454264.28    1871333.50
 6454297.39    1871324.38
 6454345.76    1871309.80
 6454409.16    1871292.86
 6454522.50    1871261.51
 6454566.04    1871250.78
 6454616.64    1871237.44
 6454654.67    1871227.40
 6454717.64    1871211.70
 6454765.78    1871197.85
 6454805.27    1871184.83
 6454851.24    1871170.61
 6454875.74    1871163.16
 6454920.89    1871146.18
 6454960.95    1871129.62
 6454972.26    1871125.61
CENTERLINE
onramp1
17
 6454111.60    1871397.93
 6454175.18    1871381.82
 6454235.99    1871365.13
 6454305.02    1871345.35
 6454352.15    1871334.48
 6454411.11    1871317.73
 6454474.75    1871301.23
 6454521.59    1871289.05
 6454568.94    1871277.58
 6454649.53    1871260.64
 6454716.49    1871248.45
 6454764.45    1871238.24
 6454810.57    1871226.15
 6454857.57    1871214.56
 6454914.48    1871198.32
 6454958.70    1871184.32
 6454996.41    1871168.61
CENTERLINE
sideline1
120
 6455043.44    1871257.63
 6455011.43    1871250.98
 6454986.92    1871250.12
 6454954.99    1871250.69
 6454911.40    1871253.42
 6454889.54    1871254.49
 6454868.38    1871257.52
 6454835.30    1871261.64
 6454814.24    1871265.26
 6454782.65    1871271.40
 6454753.18    1871275.95
 6454715.29    1871283.56
 6454676.88    1871290.76
 6454641.27    1871297.44
 6454606.46    1871303.55
 6454587.23    1871306.67
 6454571.09    1871309.80
 6454550.62    1871313.05
 6454531.35    1871317.61
 6454514.77    1871321.03
 6454501.07    1871323.16
 6454477.19    1871328.18
 6454459.73    1871332.24
 6454418.87    1871341.02
 6454387.13    1871348.26
 6454358.80    1871355.02
 6454332.60    1871361.62
 6454312.38    1871366.34
 6454294.83    1871370.45
 6454278.69    1871373.81
 6454261.72    1871378.37
 6454243.96    1871382.41
 6454219.72    1871388.11
 6454197.32    1871392.78
 6454178.56    1871397.22
 6454158.34    1871402.61
 6454138.40    1871406.95
 6454120.01    1871412.47
 6454095.88    1871419.34
 6454069.71    1871425.80
 6454045.69    1871433.66
 6454020.87    1871441.67
 6453989.41    1871450.32
 6453961.73    1871460.88
 6453930.15    1871472.49
 6453895.42    1871485.61
 6453871.79    1871494.54
 6453844.53    1871505.71
 6453816.53    1871516.24
 6453791.35    1871525.54
 6453762.91    1871536.63
 6453730.46    1871550.01
 6453697.58    1871562.95
 6453662.21    1871577.14
 6453638.85    1871584.87
 6453620.19    1871591.98
 6453600.66    1871599.62
 6453577.25    1871609.67
 6453545.41    1871622.30
 6453514.86    1871634.73
 6453485.20    1871646.07
 6453466.18    1871653.90
 6453440.54    1871663.62
 6453412.50    1871674.91
 6453384.82    1871686.04
 6453356.24    1871697.01
 6453323.82    1871710.65
 6453299.12    1871721.02
 6453269.09    1871731.83
 6453245.84    1871741.68
 6453223.58    1871750.87
 6453200.64    1871761.86
 6453182.24    1871769.08
 6453156.81    1871781.34
 6453132.42    1871793.44
 6453110.17    1871805.00
 6453077.57    1871822.21
 6453051.65    1871836.34
 6453023.57    1871851.46
 6452994.71    1871868.66
 6452967.89    1871884.89
 6452942.68    1871900.52
 6452920.90    1871914.02
 6452903.12    1871925.05
 6452880.49    1871941.15
 6452855.36    1871959.05
 6452842.18    1871970.19
 6452814.65    1871990.37
 6452785.01    1872012.59
 6452757.50    1872034.85
 6452734.28    1872053.77
 6452716.05    1872068.62
 6452698.39    1872083.86
 6452682.27    1872097.78
 6452665.86    1872111.35
 6452649.23    1872126.31
 6452636.20    1872138.65
 6452620.00    1872154.19
 6452605.84    1872166.50
 6452589.76    1872183.15
 6452573.60    1872199.19
 6452559.59    1872213.10
 6452539.20    1872234.56
 6452519.10    1872254.21
 6452497.92    1872276.18
 6452476.73    1872296.50
 6452448.60    1872323.67
 6452417.24    1872356.32
 6452385.35    1872390.63
 6452359.04    1872419.63
 6452327.47    1872450.39
 6452301.78    1872476.88
 6452275.32    1872503.65
 6452237.49    1872541.95
 6452230.80    1872548.53
 6452210.76    1872568.84
 6452169.39    1872611.04
 6452139.25    1872641.78
 6452106.30    1872675.38
 6452049.25    1872731.77
CENTERLINE
offramp1
21
 6452614.28    1872140.19
 6452574.93    1872177.25
 6452562.07    1872190.88
 6452529.44    1872226.12
 6452508.03    1872248.18
 6452488.05    1872267.78
 6452470.08    1872285.92
 6452452.94    1872303.72
 6452436.89    1872320.39
 6452409.16    1872349.70
 6452380.79    1872379.69
 6452357.04    1872404.80
 6452326.64    1872436.11
 6452301.41    1872461.72
 6452262.83    1872499.71
 6452236.88    1872526.35
 6452208.22    1872554.32
 6452172.84    1872590.59
 6452126.15    1872638.45
 6452087.56    1872677.00
 6452040.36    1872723.81
CENTERLINE
offramp2
14
 6452448.60    1872323.67
 6452420.49    1872356.32
 6452391.47    1872395.84
 6452372.67    1872419.33
 6452355.19    1872438.45
 6452314.23    1872481.81
 6452288.63    1872507.93
 6452254.34    1872542.04
 6452222.09    1872574.11
 6452185.30    1872611.32
 6452142.08    1872655.70
 6452103.92    1872694.89
 6452064.19    1872734.15
 6452058.28    1872739.99
CENTERLINE
sideline2
78
 6451193.05    1873437.77
 6451233.70    1873406.37
 6451271.71    1873377.39
 6451296.25    1873357.48
 6451330.40    1873326.59
 6451370.80    1873287.38
 6451412.92    1873243.72
 6451466.01    1873188.52
 6451505.51    1873148.10
 6451558.55    1873093.26
 6451597.86    1873052.20
 6451639.45    1873009.48
 6451663.00    1872985.01
 6451699.62    1872946.72
 6451730.67    1872915.87
 6451753.68    1872894.97
 6451788.15    1872863.67
 6451824.32    1872829.99
 6451866.85    1872792.51
 6451912.56    1872753.11
 6451959.30    1872712.46
 6452008.77    1872669.31
 6452058.88    1872625.58
 6452106.26    1872583.90
 6452170.78    1872527.05
 6452218.65    1872485.87
 6452278.58    1872432.40
 6452339.85    1872379.30
 6452382.05    1872342.22
 6452432.34    1872298.06
 6452472.90    1872262.71
 6452527.44    1872215.90
 6452574.93    1872173.73
 6452614.28    1872140.19
 6452649.02    1872110.57
 6452692.44    1872072.03
 6452721.81    1872045.96
 6452754.25    1872020.30
 6452794.92    1871989.76
 6452831.59    1871962.23
 6452877.69    1871928.67
 6452929.52    1871893.05
 6452991.88    1871856.32
 6453031.89    1871832.99
 6453077.86    1871808.11
 6453106.61    1871792.54
 6453156.80    1871768.31
 6453208.32    1871744.69
 6453291.18    1871710.48
 6453341.19    1871690.49
 6453388.64    1871671.06
 6453442.73    1871649.49
 6453497.10    1871629.33
 6453550.64    1871607.30
 6453602.72    1871586.47
 6453656.74    1871565.57
 6453713.02    1871542.46
 6453767.68    1871522.52
 6453828.40    1871498.56
 6453881.75    1871477.33
 6453940.99    1871455.22
 6453998.70    1871434.70
 6454053.41    1871416.44
 6454111.60    1871397.93
 6454169.42    1871377.95
 6454212.89    1871364.77
 6454296.73    1871337.92
 6454349.57    1871320.67
 6454423.70    1871300.10
 6454497.91    1871281.48
 6454555.76    1871265.78
 6454616.76    1871249.06
 6454695.66    1871229.70
 6454767.24    1871209.63
 6454843.20    1871186.50
 6454879.60    1871173.82
 6454943.11    1871149.65
 6454978.07    1871134.91
CENTERLINE
offramp3
14
 6451466.01    1873188.52
 6451441.04    1873208.87
 6451420.01    1873222.68
 6451408.63    1873232.41
 6451383.21    1873258.00
 6451359.94    1873281.43
 6451334.06    1873308.43
 6451328.10    1873314.62
 6451293.16    1873344.65
 6451278.35    1873356.97
 6451250.43    1873378.44
 6451227.72    1873396.00
 6451204.01    1873413.97
 6451183.28    1873429.75